manNum=10
womanNum=10
man1=3,9,6,5,7,1,2,8,4,10
man2=1,5,2,3,9,7,8,4,10,6
man3=4,1,10,7,5,8,2,6,3,9
man4=2,5,1,7,3,8,10,4,9,6
man5=8,4,7,6,5,3,1,2,10,9
man6=4,8,9,7,5,2,10,3,1,6
man7=1,3,5,9,10,2,8,6,7,4
man8=2,8,1,4,3,5,10,7,9,6
man9=9,4,3,2,10,7,6,8,5,1
man10=8,1,5,7,2,9,4,10,6,3
woman1=1,6,9,2,10,8,5,4,3,7
woman2=10,8,6,2,7,1,4,9,5,3
woman3=5,7,4,9,1,3,8,6,10,2
woman4=3,6,7,10,9,8,4,5,2,1
woman5=3,8,2,6,5,9,4,10,7,1
woman6=5,2,8,7,4,1,9,6,10,3
woman7=1,5,8,6,4,10,2,3,9,7
woman8=4,7,10,6,3,2,1,9,5,8
woman9=6,8,7,9,3,1,4,2,5,10
woman10=2,6,3,10,5,9,1,8,4,7
